digraph {
	-1
	-1
	-1
	-1
	-1
	-1
	-1
	-1
	-1
	-1
	-1
	-1
	-1
	-1
	-1
	-1
	-1
	-1
	-1
	-1
	-1
	-1
	-1
	-1
	-1
	-1
	-1
	-1
	-1
	-1
	-1
	-1
	-1
	-1
	-1
	-1
	-1
	-1
	-1
	-1
	-1
	-1
	-1
	-1
	-1
	-1
	-1
	-1
	-1
	-1
	-1
	-1
	-1
	-1
	-1
	-1
	-1
	-1
	-1
	-1
	-1
	-1
	-1
	-1
	0
	0
	0
	0
	1
	1
	1
	1
	2
	2
	2
	2
	3
	3
	3
	3
	4
	4
	4
	4
	5
	5
	5
	5
	6
	6
	6
	6
	7
	7
	7
	7
	8
	8
	8
	8
	9
	9
	9
	9
	10
	10
	10
	10
	11
	11
	11
	11
	12
	12
	12
	12
	13
	13
	13
	13
	14
	14
	14
	14
	15
	15
	15
	15
	16
	16
	16
	16
	17
	17
	17
	17
	18
	18
	18
	18
	19
	19
	19
	19
	20
	20
	20
	20
	21
	21
	21
	21
	22
	22
	22
	22
	23
	23
	23
	23
	24
	24
	24
	24
	25
	25
	25
	25
	26
	26
	26
	26
	27
	27
	27
	27
	28
	28
	28
	28
	29
	29
	29
	29
	30
	30
	30
	30
	31
	31
	31
	31
	16
	16
	16
	16
	17
	17
	17
	17
	18
	18
	18
	18
	19
	19
	19
	19
	20
	20
	20
	20
	21
	21
	21
	21
	22
	22
	22
	22
	23
	23
	23
	23
	24
	24
	24
	24
	25
	25
	25
	25
	26
	26
	26
	26
	27
	27
	27
	27
	28
	28
	28
	28
	29
	29
	29
	29
	30
	30
	30
	30
	31
	31
	31
	31
	32
	32
	32
	32
	33
	33
	33
	33
	34
	34
	34
	34
	35
	35
	35
	35
	36
	36
	36
	36
	37
	37
	37
	37
	38
	38
	38
	38
	39
	39
	39
	39
	40
	40
	40
	40
	41
	41
	41
	41
	42
	42
	42
	42
	43
	43
	43
	43
	44
	44
	44
	44
	45
	45
	45
	45
	46
	46
	46
	46
	47
	47
	47
	47
	0
	0
	0
	0
	1
	1
	1
	1
	2
	2
	2
	2
	3
	3
	3
	3
	4
	4
	4
	4
	5
	5
	5
	5
	6
	6
	6
	6
	7
	7
	7
	7
	8
	8
	8
	8
	9
	9
	9
	9
	10
	10
	10
	10
	11
	11
	11
	11
	12
	12
	12
	12
	13
	13
	13
	13
	14
	14
	14
	14
	15
	15
	15
	15
	16
	16
	16
	16
	17
	17
	17
	17
	18
	18
	18
	18
	19
	19
	19
	19
	20
	20
	20
	20
	21
	21
	21
	21
	22
	22
	22
	22
	23
	23
	23
	23
	24
	24
	24
	24
	25
	25
	25
	25
	26
	26
	26
	26
	27
	27
	27
	27
	28
	28
	28
	28
	29
	29
	29
	29
	30
	30
	30
	30
	31
	31
	31
	31
	16
	16
	16
	16
	17
	17
	17
	17
	18
	18
	18
	18
	19
	19
	19
	19
	20
	20
	20
	20
	21
	21
	21
	21
	22
	22
	22
	22
	23
	23
	23
	23
	24
	24
	24
	24
	25
	25
	25
	25
	26
	26
	26
	26
	27
	27
	27
	27
	28
	28
	28
	28
	29
	29
	29
	29
	30
	30
	30
	30
	31
	31
	31
	31
	32
	32
	32
	32
	33
	33
	33
	33
	34
	34
	34
	34
	35
	35
	35
	35
	36
	36
	36
	36
	37
	37
	37
	37
	38
	38
	38
	38
	39
	39
	39
	39
	40
	40
	40
	40
	41
	41
	41
	41
	42
	42
	42
	42
	43
	43
	43
	43
	44
	44
	44
	44
	45
	45
	45
	45
	46
	46
	46
	46
	47
	47
	47
	47
	32
	32
	32
	32
	33
	33
	33
	33
	34
	34
	34
	34
	35
	35
	35
	35
	36
	36
	36
	36
	37
	37
	37
	37
	38
	38
	38
	38
	39
	39
	39
	39
	40
	40
	40
	40
	41
	41
	41
	41
	42
	42
	42
	42
	43
	43
	43
	43
	44
	44
	44
	44
	45
	45
	45
	45
	46
	46
	46
	46
	47
	47
	47
	47
	source_router -> dest_router
	-1 -> 32
	-1 -> 32
	-1 -> 32
	-1 -> 32
	-1 -> 33
	-1 -> 33
	-1 -> 33
	-1 -> 33
	-1 -> 34
	-1 -> 34
	-1 -> 34
	-1 -> 34
	-1 -> 35
	-1 -> 35
	-1 -> 35
	-1 -> 35
	-1 -> 36
	-1 -> 36
	-1 -> 36
	-1 -> 36
	-1 -> 37
	-1 -> 37
	-1 -> 37
	-1 -> 37
	-1 -> 38
	-1 -> 38
	-1 -> 38
	-1 -> 38
	-1 -> 39
	-1 -> 39
	-1 -> 39
	-1 -> 39
	-1 -> 40
	-1 -> 40
	-1 -> 40
	-1 -> 40
	-1 -> 41
	-1 -> 41
	-1 -> 41
	-1 -> 41
	-1 -> 42
	-1 -> 42
	-1 -> 42
	-1 -> 42
	-1 -> 43
	-1 -> 43
	-1 -> 43
	-1 -> 43
	-1 -> 44
	-1 -> 44
	-1 -> 44
	-1 -> 44
	-1 -> 45
	-1 -> 45
	-1 -> 45
	-1 -> 45
	-1 -> 46
	-1 -> 46
	-1 -> 46
	-1 -> 46
	-1 -> 47
	-1 -> 47
	-1 -> 47
	-1 -> 47
	0 -> 16
	0 -> 20
	0 -> 24
	0 -> 28
	1 -> 17
	1 -> 21
	1 -> 25
	1 -> 29
	2 -> 18
	2 -> 22
	2 -> 26
	2 -> 30
	3 -> 19
	3 -> 23
	3 -> 27
	3 -> 31
	4 -> 16
	4 -> 20
	4 -> 24
	4 -> 28
	5 -> 17
	5 -> 21
	5 -> 25
	5 -> 29
	6 -> 18
	6 -> 22
	6 -> 26
	6 -> 30
	7 -> 19
	7 -> 23
	7 -> 27
	7 -> 31
	8 -> 16
	8 -> 20
	8 -> 24
	8 -> 28
	9 -> 17
	9 -> 21
	9 -> 25
	9 -> 29
	10 -> 18
	10 -> 22
	10 -> 26
	10 -> 30
	11 -> 19
	11 -> 23
	11 -> 27
	11 -> 31
	12 -> 16
	12 -> 20
	12 -> 24
	12 -> 28
	13 -> 17
	13 -> 21
	13 -> 25
	13 -> 29
	14 -> 18
	14 -> 22
	14 -> 26
	14 -> 30
	15 -> 19
	15 -> 23
	15 -> 27
	15 -> 31
	16 -> 0
	16 -> 4
	16 -> 8
	16 -> 12
	17 -> 1
	17 -> 5
	17 -> 9
	17 -> 13
	18 -> 2
	18 -> 6
	18 -> 10
	18 -> 14
	19 -> 3
	19 -> 7
	19 -> 11
	19 -> 15
	20 -> 0
	20 -> 4
	20 -> 8
	20 -> 12
	21 -> 1
	21 -> 5
	21 -> 9
	21 -> 13
	22 -> 2
	22 -> 6
	22 -> 10
	22 -> 14
	23 -> 3
	23 -> 7
	23 -> 11
	23 -> 15
	24 -> 0
	24 -> 4
	24 -> 8
	24 -> 12
	25 -> 1
	25 -> 5
	25 -> 9
	25 -> 13
	26 -> 2
	26 -> 6
	26 -> 10
	26 -> 14
	27 -> 3
	27 -> 7
	27 -> 11
	27 -> 15
	28 -> 0
	28 -> 4
	28 -> 8
	28 -> 12
	29 -> 1
	29 -> 5
	29 -> 9
	29 -> 13
	30 -> 2
	30 -> 6
	30 -> 10
	30 -> 14
	31 -> 3
	31 -> 7
	31 -> 11
	31 -> 15
	16 -> 32
	16 -> 33
	16 -> 34
	16 -> 35
	17 -> 32
	17 -> 33
	17 -> 34
	17 -> 35
	18 -> 32
	18 -> 33
	18 -> 34
	18 -> 35
	19 -> 32
	19 -> 33
	19 -> 34
	19 -> 35
	20 -> 36
	20 -> 37
	20 -> 38
	20 -> 39
	21 -> 36
	21 -> 37
	21 -> 38
	21 -> 39
	22 -> 36
	22 -> 37
	22 -> 38
	22 -> 39
	23 -> 36
	23 -> 37
	23 -> 38
	23 -> 39
	24 -> 40
	24 -> 41
	24 -> 42
	24 -> 43
	25 -> 40
	25 -> 41
	25 -> 42
	25 -> 43
	26 -> 40
	26 -> 41
	26 -> 42
	26 -> 43
	27 -> 40
	27 -> 41
	27 -> 42
	27 -> 43
	28 -> 44
	28 -> 45
	28 -> 46
	28 -> 47
	29 -> 44
	29 -> 45
	29 -> 46
	29 -> 47
	30 -> 44
	30 -> 45
	30 -> 46
	30 -> 47
	31 -> 44
	31 -> 45
	31 -> 46
	31 -> 47
	32 -> 16
	32 -> 17
	32 -> 18
	32 -> 19
	33 -> 16
	33 -> 17
	33 -> 18
	33 -> 19
	34 -> 16
	34 -> 17
	34 -> 18
	34 -> 19
	35 -> 16
	35 -> 17
	35 -> 18
	35 -> 19
	36 -> 20
	36 -> 21
	36 -> 22
	36 -> 23
	37 -> 20
	37 -> 21
	37 -> 22
	37 -> 23
	38 -> 20
	38 -> 21
	38 -> 22
	38 -> 23
	39 -> 20
	39 -> 21
	39 -> 22
	39 -> 23
	40 -> 24
	40 -> 25
	40 -> 26
	40 -> 27
	41 -> 24
	41 -> 25
	41 -> 26
	41 -> 27
	42 -> 24
	42 -> 25
	42 -> 26
	42 -> 27
	43 -> 24
	43 -> 25
	43 -> 26
	43 -> 27
	44 -> 28
	44 -> 29
	44 -> 30
	44 -> 31
	45 -> 28
	45 -> 29
	45 -> 30
	45 -> 31
	46 -> 28
	46 -> 29
	46 -> 30
	46 -> 31
	47 -> 28
	47 -> 29
	47 -> 30
	47 -> 31
	0 -> 16
	0 -> 20
	0 -> 24
	0 -> 28
	1 -> 17
	1 -> 21
	1 -> 25
	1 -> 29
	2 -> 18
	2 -> 22
	2 -> 26
	2 -> 30
	3 -> 19
	3 -> 23
	3 -> 27
	3 -> 31
	4 -> 16
	4 -> 20
	4 -> 24
	4 -> 28
	5 -> 17
	5 -> 21
	5 -> 25
	5 -> 29
	6 -> 18
	6 -> 22
	6 -> 26
	6 -> 30
	7 -> 19
	7 -> 23
	7 -> 27
	7 -> 31
	8 -> 16
	8 -> 20
	8 -> 24
	8 -> 28
	9 -> 17
	9 -> 21
	9 -> 25
	9 -> 29
	10 -> 18
	10 -> 22
	10 -> 26
	10 -> 30
	11 -> 19
	11 -> 23
	11 -> 27
	11 -> 31
	12 -> 16
	12 -> 20
	12 -> 24
	12 -> 28
	13 -> 17
	13 -> 21
	13 -> 25
	13 -> 29
	14 -> 18
	14 -> 22
	14 -> 26
	14 -> 30
	15 -> 19
	15 -> 23
	15 -> 27
	15 -> 31
	16 -> 0
	16 -> 4
	16 -> 8
	16 -> 12
	17 -> 1
	17 -> 5
	17 -> 9
	17 -> 13
	18 -> 2
	18 -> 6
	18 -> 10
	18 -> 14
	19 -> 3
	19 -> 7
	19 -> 11
	19 -> 15
	20 -> 0
	20 -> 4
	20 -> 8
	20 -> 12
	21 -> 1
	21 -> 5
	21 -> 9
	21 -> 13
	22 -> 2
	22 -> 6
	22 -> 10
	22 -> 14
	23 -> 3
	23 -> 7
	23 -> 11
	23 -> 15
	24 -> 0
	24 -> 4
	24 -> 8
	24 -> 12
	25 -> 1
	25 -> 5
	25 -> 9
	25 -> 13
	26 -> 2
	26 -> 6
	26 -> 10
	26 -> 14
	27 -> 3
	27 -> 7
	27 -> 11
	27 -> 15
	28 -> 0
	28 -> 4
	28 -> 8
	28 -> 12
	29 -> 1
	29 -> 5
	29 -> 9
	29 -> 13
	30 -> 2
	30 -> 6
	30 -> 10
	30 -> 14
	31 -> 3
	31 -> 7
	31 -> 11
	31 -> 15
	16 -> 32
	16 -> 33
	16 -> 34
	16 -> 35
	17 -> 32
	17 -> 33
	17 -> 34
	17 -> 35
	18 -> 32
	18 -> 33
	18 -> 34
	18 -> 35
	19 -> 32
	19 -> 33
	19 -> 34
	19 -> 35
	20 -> 36
	20 -> 37
	20 -> 38
	20 -> 39
	21 -> 36
	21 -> 37
	21 -> 38
	21 -> 39
	22 -> 36
	22 -> 37
	22 -> 38
	22 -> 39
	23 -> 36
	23 -> 37
	23 -> 38
	23 -> 39
	24 -> 40
	24 -> 41
	24 -> 42
	24 -> 43
	25 -> 40
	25 -> 41
	25 -> 42
	25 -> 43
	26 -> 40
	26 -> 41
	26 -> 42
	26 -> 43
	27 -> 40
	27 -> 41
	27 -> 42
	27 -> 43
	28 -> 44
	28 -> 45
	28 -> 46
	28 -> 47
	29 -> 44
	29 -> 45
	29 -> 46
	29 -> 47
	30 -> 44
	30 -> 45
	30 -> 46
	30 -> 47
	31 -> 44
	31 -> 45
	31 -> 46
	31 -> 47
	32 -> 16
	32 -> 17
	32 -> 18
	32 -> 19
	33 -> 16
	33 -> 17
	33 -> 18
	33 -> 19
	34 -> 16
	34 -> 17
	34 -> 18
	34 -> 19
	35 -> 16
	35 -> 17
	35 -> 18
	35 -> 19
	36 -> 20
	36 -> 21
	36 -> 22
	36 -> 23
	37 -> 20
	37 -> 21
	37 -> 22
	37 -> 23
	38 -> 20
	38 -> 21
	38 -> 22
	38 -> 23
	39 -> 20
	39 -> 21
	39 -> 22
	39 -> 23
	40 -> 24
	40 -> 25
	40 -> 26
	40 -> 27
	41 -> 24
	41 -> 25
	41 -> 26
	41 -> 27
	42 -> 24
	42 -> 25
	42 -> 26
	42 -> 27
	43 -> 24
	43 -> 25
	43 -> 26
	43 -> 27
	44 -> 28
	44 -> 29
	44 -> 30
	44 -> 31
	45 -> 28
	45 -> 29
	45 -> 30
	45 -> 31
	46 -> 28
	46 -> 29
	46 -> 30
	46 -> 31
	47 -> 28
	47 -> 29
	47 -> 30
	47 -> 31
	32 -> -1
	32 -> -1
	32 -> -1
	32 -> -1
	33 -> -1
	33 -> -1
	33 -> -1
	33 -> -1
	34 -> -1
	34 -> -1
	34 -> -1
	34 -> -1
	35 -> -1
	35 -> -1
	35 -> -1
	35 -> -1
	36 -> -1
	36 -> -1
	36 -> -1
	36 -> -1
	37 -> -1
	37 -> -1
	37 -> -1
	37 -> -1
	38 -> -1
	38 -> -1
	38 -> -1
	38 -> -1
	39 -> -1
	39 -> -1
	39 -> -1
	39 -> -1
	40 -> -1
	40 -> -1
	40 -> -1
	40 -> -1
	41 -> -1
	41 -> -1
	41 -> -1
	41 -> -1
	42 -> -1
	42 -> -1
	42 -> -1
	42 -> -1
	43 -> -1
	43 -> -1
	43 -> -1
	43 -> -1
	44 -> -1
	44 -> -1
	44 -> -1
	44 -> -1
	45 -> -1
	45 -> -1
	45 -> -1
	45 -> -1
	46 -> -1
	46 -> -1
	46 -> -1
	46 -> -1
	47 -> -1
	47 -> -1
	47 -> -1
	47 -> -1
}
